310 11101111111111111 1011111111

13110. 1111 203 ccxxxv 3051111111

133100. 1111110111, 2041111 ¹ 0307 ”
111111 0205 4041111111

135-13811111111 1270 0400

135 ibid. 0280 ⁴ 407-410111111

0130 - 0280111111 0407

141 commi, 11111 0288 0408 ccix

0143 1200 417100. ccxvi, 1111

145100. onumen, 201 111111 41811111
111111 2051111111111 5 0421

0140,140100.111111 0200 422 ιι. Add.

0151, 15110. 111111 305-312 com 0432
0150 305 1111111 0435

1571001111111, 313 ibid. 0440111111111,
ccxm 3201111111, 11111 ccum

' 10310. mx 1328 0441
105-178 mm 320100111110. 111 445100. xcix,
0107 329 01101 ccxxxviii«
0100, 100100. xcx 4471111111,1111111
172 xci 448 1111111110.
1771011). 337 100· ⁰¹¹2 ⁰¹0¹¹V11¹ 0*44011111111
170- 372 111110. 44· 001 0451
cm! 338 unq. 1111 459c1 .
1811001011111111 3471001311ι 0405
'- 101111 048 3131314104· 0041, 0400
185111111 Gom 470
180 ibid. 35111111 0475 1111111
18711111011111 35311,1111,1111, 0476
0101 ccxi. 111111 0485
0102 0354 0488
104 111111 357 1111111 493 11111
0203 301 cmv, 111111 404 cmm
2071111 0302 0407
0200 cem 303 111111 0400
214 ccxl. 304 111110. 500 1111111
0215 cmxix 307-372 cxxxix 0507
210 ceux 308 1111111 0508
0210 0300 0511 1111111111
0220111111 373-3701111110. 0514
221 11111111 0375 cxxx 0520

0223

0228

0230

234 1111
230 ccxx
0230

0243 111111
244 ibid.
240100. 1111

255-348 mxiv,
cxvu 0303

255 sqq. 1111
250 1b1d.

-1200

377-384 cciv
37010. xm
384 cciv
38510. 1111
380 xiv
38710. 1111
380-020

380 xiv

0523

0525

0541

0540

549 111111
0553

55510. 1111111
555 1111111

301 111,111ι,11111 0502

30210. 11111

503 1111111
570 comm

303100110111111, 571 11111111
11111,11111110. 0570

, 1394

58310. ccum

 

