311 - 1111111511111151111111111

5139 511111, ccxxxv 259-398 11155. 5111 413 55111111
140 551111 5259 5511111 5417
141 511111 281-214 mm ,ffle 51111, 5511111
148 551111 5262 5419 511111
5155 203155. 5511115. 419 sqq. 111, cem
157 55. 55111 5268 55111 5423 cmv, 551111
1341 209 exem, 5511115. 5511111, 551111
135 55. 1115. 5274 425 511111
187-188 275 5151, 515111 428 55111 ,

170 mamm 277 555. 111111 429155. 11551111

175 5511111 15. 283 5511111 429 111

184 51111 5284 430555. 5111111,

185 55111111 285-348 1111111115. 551111.
189-22811111115. 51111115. comm 5430

511111 29115 5511 431-414 mmm

5191 51111 5292 5511
197155. mm 5293

197 551111 5294 5511111111
*199 mmmm, 52835 cu

445155. 551111
*445 1511, 511111
440 511111
328 511, 55111111 5447
’1331 449 sqq. 111, xo
ἓξὲξ 459-51015
3505511111 .
535155111111
391 55111111
5307
309 55111111
371 ibid.
’123011111155151 3731151111
’231-234 511111 5377 5, 55111
23111111,5511111 383 5555
235-244 511111 5384 ·
5235 5387 511
5238 5511111 390 51111
5238 393155. 5111111 5*515 5511111

243 5111 395 51111 517 sqq. 511155.
244 511111 397 5111, 5111 5517

5245 5, 51, cnm, 399-414 519 511

55111115 5399, 399 sqq. 11111 5211511, 511

5246 40515 5522 511
247-258 551111 1*400 1111ιί 523-69655111-551
247 sq. 51111155. 497 mx 523-542 51111115
5251511111 40955515 523111 ’
25315. 511111, 55151 5414 525 511111, 55111
5255 415-428 cmxxv 5528

253 sq. 51111 415 55111111 5529

 

